year,visitors,visitors_scaled
1904,120690,120.69
1905,140954,140.954
1906,30569,30.569
1907,32935,32.935
1908,42768,42.768
1909,60899,60.899
1910,173416,173.416
1911,194207,194.207
1912,198334,198.334
1913,216853,216.853
1914,209693,209.693
1915,314299,314.299
1916,326506,326.506
1917,453498,453.498
1918,436222,436.222
1919,781178,781.178
1920,1022091,1022.091
1921,1101697,1101.697
1922,1136956,1136.956
1923,1364073,1364.073
1924,1528078,1528.078
1925,1900705,1900.705
1926,2163173,2163.173
1927,2465709,2465.709
1928,2704555,2704.555
1929,3011950,3011.95
1930,3039886,3039.886
1931,3218445,3218.445
1932,3552742,3552.742
1933,3256620,3256.62
1934,6095829,6095.829
1935,7439536,7439.536
1936,11754013,11754.013
1937,14843515,14843.515
1938,16032020,16032.02
1939,15154994,15154.994
1940,16419768,16419.768
1941,20501005,20501.005
1942,8894919,8894.919
1943,6386532,6386.532
1944,7727256,7727.256
1945,10861970,10861.97
1946,20927923,20927.923
1947,24278009,24278.009
1948,26315785,26315.785
1949,28670542,28670.542
1950,32731848,32731.848
1951,36637744,36637.744
1952,41833999,41833.999
1953,45712730,45712.73
1954,47999200,47999.2
1955,48921200,48921.2
1956,53911200,53911.2
1957,58271700,58271.7
1958,58539400,58539.4
1959,62911500,62911.5
1960,71662700,71662.7
1961,79015200,79015.2
1962,88659100,88659.1
1963,102085400,102085.4
1964,109331500,109331.5
1965,118828600,118828.6
1966,129476700,129476.7
1967,135641500,135641.5
1968,145676500,145676.5
1969,159373800,159373.8
1970,168428400,168428.4
1971,151548700,151548.7
1972,163492594,163492.594
1973,166935700,166935.7
1974,169105000,169105
1975,188393000,188393
1976,210490400,210490.4
1977,205046200,205046.2
1978,217772655,217772.655
1979,201435104,201435.104
1980,216414650,216414.65
1981,235324466,235324.466
1982,242012652,242012.652
1983,240888137,240888.137
1984,246205429,246205.429
1985,261065932,261065.932
1986,278426742,278426.742
1987,284451527,284451.527
1988,279572196,279572.196
1989,266932174,266932.174
1990,252852274,252852.274
1991,265475653,265475.653
1992,272635134,272635.134
1993,270624460,270624.46
1994,267499176,267499.176
1995,270635994,270635.994
1996,266690205,266690.205
1997,271001853,271001.853
1998,283595365,283595.365
1999,284330427,284330.427
2000,281158299,281158.299
2001,275786747,275786.747
2002,274017553,274017.553
2003,263406861,263406.861
2004,273240890,273240.89
2005,270290725,270290.725
2006,267583851,267583.851
2007,271935899,271935.899
2008,270909341,270909.341
2009,280227682,280227.682
2010,279251564,279251.564
2011,276799292,276799.292
2012,281392715,281392.715
2013,271305455,271305.455
2014,290105230,290105.23
2015,304730566,304730.566
2016,328483428,328483.428